620 4193 15


415 464 403 533 582 399 502 9 213 301 14 164 604 283 130


0 0.266
1 0.213
2 0.142
3 0.241
4 0.27
5 0.141
6 0.225
7 0.131
8 0.127
9 0.291
10 0.107
11 0.223
12 0.196
13 0.207
14 0.18
15 0.145
16 0.299
17 0.239
18 0.29
19 0.158
20 0.21
21 0.296
22 0.289
23 0.295
24 0.222
25 0.228
26 0.174
27 0.153
28 0.262
29 0.29
30 0.297
31 0.197
32 0.239
33 0.158
34 0.235
35 0.145
36 0.268
37 0.153
38 0.214
39 0.255
40 0.21
41 0.15
42 0.266
43 0.182
44 0.286
45 0.275
46 0.104
47 0.176
48 0.26
49 0.23
50 0.215
51 0.111
52 0.271
53 0.24
54 0.28
55 0.192
56 0.198
57 0.185
58 0.234
59 0.287
60 0.237
61 0.232
62 0.271
63 0.207
64 0.191
65 0.153
66 0.207
67 0.209
68 0.279
69 0.237
70 0.249
71 0.252
72 0.259
73 0.208
74 0.216
75 0.222
76 0.191
77 0.249
78 0.264
79 0.239
80 0.116
81 0.104
82 0.166
83 0.203
84 0.14
85 0.162
86 0.265
87 0.241
88 0.163
89 0.107
90 0.208
91 0.223
92 0.225
93 0.239
94 0.209
95 0.175
96 0.136
97 0.126
98 0.225
99 0.229
100 0.207
101 0.183
102 0.162
103 0.239
104 0.272
105 0.243
106 0.123
107 0.164
108 0.271
109 0.257
110 0.275
111 0.137
112 0.156
113 0.255
114 0.243
115 0.237
116 0.122
117 0.217
118 0.134
119 0.247
120 0.127
121 0.111
122 0.173
123 0.282
124 0.247
125 0.278
126 0.152
127 0.223
128 0.137
129 0.274
130 0.122
131 0.111
132 0.175
133 0.11
134 0.144
135 0.187
136 0.284
137 0.25
138 0.119
139 0.138
140 0.201
141 0.244
142 0.188
143 0.128
144 0.25
145 0.251
146 0.104
147 0.299
148 0.207
149 0.238
150 0.11
151 0.113
152 0.283
153 0.177
154 0.121
155 0.212
156 0.129
157 0.278
158 0.244
159 0.131
160 0.199
161 0.287
162 0.258
163 0.198
164 0.151
165 0.136
166 0.101
167 0.146
168 0.238
169 0.292
170 0.259
171 0.215
172 0.101
173 0.205
174 0.186
175 0.185
176 0.203
177 0.231
178 0.211
179 0.113
180 0.142
181 0.159
182 0.277
183 0.232
184 0.128
185 0.139
186 0.221
187 0.27
188 0.13
189 0.16
190 0.163
191 0.169
192 0.296
193 0.129
194 0.176
195 0.281
196 0.155
197 0.186
198 0.22
199 0.292
200 0.143
201 0.13
202 0.24
203 0.15
204 0.114
205 0.193
206 0.285
207 0.18
208 0.276
209 0.138
210 0.264
211 0.169
212 0.103
213 0.245
214 0.209
215 0.179
216 0.283
217 0.22
218 0.131
219 0.293
220 0.206
221 0.284
222 0.298
223 0.103
224 0.264
225 0.159
226 0.167
227 0.113
228 0.177
229 0.117
230 0.296
231 0.284
232 0.238
233 0.274
234 0.227
235 0.13
236 0.202
237 0.193
238 0.24
239 0.154
240 0.285
241 0.125
242 0.243
243 0.177
244 0.228
245 0.232
246 0.183
247 0.263
248 0.295
249 0.253
250 0.264
251 0.154
252 0.14
253 0.288
254 0.21
255 0.297
256 0.248
257 0.208
258 0.123
259 0.16
260 0.152
261 0.227
262 0.273
263 0.166
264 0.172
265 0.146
266 0.157
267 0.222
268 0.109
269 0.202
270 0.196
271 0.204
272 0.249
273 0.232
274 0.113
275 0.189
276 0.287
277 0.131
278 0.296
279 0.277
280 0.282
281 0.289
282 0.25
283 0.232
284 0.105
285 0.175
286 0.158
287 0.111
288 0.298
289 0.124
290 0.254
291 0.186
292 0.149
293 0.274
294 0.252
295 0.256
296 0.288
297 0.146
298 0.283
299 0.112
300 0.145
301 0.137
302 0.163
303 0.206
304 0.168
305 0.242
306 0.211
307 0.178
308 0.174
309 0.142
310 0.166
311 0.265
312 0.128
313 0.121
314 0.294
315 0.13
316 0.238
317 0.126
318 0.14
319 0.16
320 0.223
321 0.235
322 0.231
323 0.289
324 0.128
325 0.154
326 0.247
327 0.135
328 0.214
329 0.107
330 0.298
331 0.16
332 0.272
333 0.297
334 0.125
335 0.287
336 0.107
337 0.224
338 0.123
339 0.1
340 0.213
341 0.103
342 0.16
343 0.291
344 0.199
345 0.193
346 0.232
347 0.271
348 0.126
349 0.21
350 0.283
351 0.106
352 0.2
353 0.16
354 0.107
355 0.134
356 0.114
357 0.239
358 0.187
359 0.228
360 0.132
361 0.126
362 0.142
363 0.265
364 0.235
365 0.191
366 0.109
367 0.158
368 0.173
369 0.194
370 0.293
371 0.189
372 0.17
373 0.257
374 0.101
375 0.151
376 0.116
377 0.265
378 0.141
379 0.212
380 0.202
381 0.104
382 0.269
383 0.124
384 0.233
385 0.259
386 0.105
387 0.159
388 0.128
389 0.272
390 0.243
391 0.283
392 0.121
393 0.206
394 0.22
395 0.225
396 0.107
397 0.279
398 0.155
399 0.136
400 0.197
401 0.14
402 0.211
403 0.282
404 0.293
405 0.205
406 0.214
407 0.259
408 0.126
409 0.272
410 0.169
411 0.159
412 0.226
413 0.213
414 0.284
415 0.205
416 0.176
417 0.239
418 0.124
419 0.173
420 0.204
421 0.151
422 0.272
423 0.18
424 0.227
425 0.223
426 0.2
427 0.175
428 0.157
429 0.226
430 0.23
431 0.189
432 0.16
433 0.156
434 0.262
435 0.111
436 0.238
437 0.282
438 0.119
439 0.109
440 0.147
441 0.124
442 0.104
443 0.211
444 0.176
445 0.211
446 0.17
447 0.229
448 0.207
449 0.145
450 0.224
451 0.127
452 0.144
453 0.179
454 0.261
455 0.258
456 0.13
457 0.103
458 0.276
459 0.127
460 0.15
461 0.202
462 0.191
463 0.107
464 0.12
465 0.206
466 0.174
467 0.251
468 0.173
469 0.103
470 0.132
471 0.215
472 0.272
473 0.292
474 0.133
475 0.165
476 0.267
477 0.235
478 0.283
479 0.178
480 0.125
481 0.199
482 0.195
483 0.112
484 0.245
485 0.226
486 0.133
487 0.108
488 0.142
489 0.163
490 0.165
491 0.151
492 0.164
493 0.163
494 0.125
495 0.25
496 0.101
497 0.279
498 0.143
499 0.196
500 0.204
501 0.2
502 0.105
503 0.186
504 0.299
505 0.208
506 0.24
507 0.169
508 0.187
509 0.23
510 0.168
511 0.152
512 0.185
513 0.217
514 0.132
515 0.131
516 0.109
517 0.107
518 0.25
519 0.186
520 0.27
521 0.115
522 0.187
523 0.288
524 0.124
525 0.164
526 0.235
527 0.137
528 0.275
529 0.19
530 0.159
531 0.247
532 0.106
533 0.291
534 0.186
535 0.171
536 0.284
537 0.249
538 0.295
539 0.223
540 0.176
541 0.197
542 0.216
543 0.192
544 0.129
545 0.149
546 0.136
547 0.284
548 0.273
549 0.172
550 0.289
551 0.199
552 0.143
553 0.178
554 0.153
555 0.157
556 0.12
557 0.234
558 0.136
559 0.256
560 0.239
561 0.215
562 0.282
563 0.174
564 0.185
565 0.274
566 0.13
567 0.251
568 0.1
569 0.148
570 0.191
571 0.195
572 0.252
573 0.24
574 0.168
575 0.186
576 0.148
577 0.209
578 0.288
579 0.297
580 0.103
581 0.167
582 0.239
583 0.159
584 0.186
585 0.167
586 0.129
587 0.12
588 0.102
589 0.297
590 0.287
591 0.101
592 0.259
593 0.119
594 0.263
595 0.131
596 0.1
597 0.127
598 0.157
599 0.162
600 0.286
601 0.176
602 0.259
603 0.206
604 0.158
605 0.118
606 0.231
607 0.165
608 0.206
609 0.282
610 0.175
611 0.248
612 0.179
613 0.13
614 0.122
615 0.251
616 0.296
617 0.225
618 0.111
619 0.159


0 1 0.37
0 2 0.268
0 3 0.266
0 4 0.39
0 5 0.262
0 6 0.327
1 0 0.242
1 281 0.296
1 458 0.212
1 1 0.399
1 561 0.208
1 501 0.385
1 282 0.396
1 5 0.296
1 562 0.255
1 6 0.273
2 0 0.258
2 73 0.399
2 45 0.382
2 64 0.323
2 26 0.289
2 8 0.371
2 227 0.352
2 50 0.225
2 310 0.302
2 304 0.256
2 4 0.367
2 9 0.343
2 305 0.208
2 311 0.211
2 218 0.25
3 0 0.23
3 230 0.323
4 0 0.269
4 2 0.201
4 69 0.348
4 75 0.308
4 295 0.296
4 26 0.366
4 138 0.282
4 11 0.252
4 230 0.304
4 300 0.237
4 124 0.296
4 27 0.313
4 548 0.369
4 55 0.243
4 535 0.21
4 66 0.311
4 304 0.265
4 122 0.23
4 325 0.279
4 254 0.231
4 63 0.32
4 209 0.256
4 361 0.307
4 301 0.334
4 225 0.351
4 227 0.223
4 305 0.334
5 0 0.201
5 1 0.286
5 281 0.321
5 500 0.347
5 410 0.246
5 520 0.317
5 412 0.346
5 562 0.237
5 6 0.375
6 0 0.293
6 1 0.385
6 5 0.394
6 281 0.241
6 458 0.24
6 480 0.386
6 429 0.217
6 409 0.383
6 520 0.393
6 430 0.365
6 481 0.333
6 249 0.368
6 282 0.366
6 412 0.288
6 428 0.288
6 501 0.342
6 562 0.366
7 8 0.303
7 9 0.254
8 2 0.281
8 7 0.361
8 10 0.23
8 29 0.307
8 41 0.307
8 54 0.212
8 65 0.335
8 114 0.257
8 115 0.208
8 184 0.224
8 219 0.387
8 45 0.231
8 169 0.212
8 98 0.335
8 256 0.327
8 140 0.205
8 69 0.27
8 312 0.208
8 303 0.337
8 243 0.379
8 75 0.292
8 295 0.335
8 95 0.343
8 271 0.221
8 220 0.212
8 255 0.339
8 218 0.326
8 363 0.379
8 26 0.374
8 383 0.385
8 72 0.296
8 406 0.263
8 407 0.296
8 296 0.267
8 422 0.319
8 246 0.377
8 135 0.236
8 62 0.345
8 366 0.314
8 447 0.207
8 118 0.398
8 309 0.265
8 340 0.288
8 187 0.327
8 470 0.278
8 476 0.392
8 167 0.276
8 452 0.254
8 11 0.337
8 185 0.206
8 230 0.294
8 300 0.386
8 367 0.201
8 25 0.355
8 68 0.252
8 539 0.305
8 124 0.324
8 125 0.367
8 231 0.237
8 27 0.368
8 320 0.395
8 490 0.315
8 31 0.295
8 136 0.206
8 355 0.282
8 55 0.352
8 489 0.204
8 405 0.203
8 297 0.339
8 542 0.202
8 121 0.223
8 548 0.373
8 360 0.323
8 226 0.371
8 66 0.284
8 549 0.309
8 550 0.225
8 12 0.328
8 551 0.34
8 433 0.349
8 552 0.315
8 304 0.323
8 76 0.242
8 97 0.357
8 245 0.253
8 252 0.202
8 535 0.251
8 186 0.243
8 139 0.392
8 325 0.306
8 302 0.364
8 228 0.27
8 329 0.311
8 223 0.212
8 553 0.376
8 441 0.337
8 435 0.288
8 533 0.361
8 242 0.265
8 440 0.21
8 209 0.393
8 8 0.274
8 368 0.207
8 285 0.302
8 70 0.287
8 137 0.359
8 17 0.27
8 361 0.268
8 265 0.335
8 301 0.313
8 56 0.362
8 506 0.349
8 554 0.269
8 99 0.329
8 423 0.324
8 528 0.233
8 241 0.254
8 188 0.395
8 225 0.223
8 311 0.233
8 63 0.323
8 119 0.284
8 227 0.261
8 177 0.315
8 67 0.22
8 96 0.216
8 438 0.399
8 555 0.344
8 9 0.203
8 556 0.249
8 74 0.351
8 229 0.232
8 305 0.336
9 2 0.395
9 7 0.371
9 8 0.281
9 54 0.36
9 184 0.324
9 45 0.389
9 169 0.245
9 69 0.246
9 243 0.218
9 75 0.313
9 95 0.316
9 218 0.217
9 26 0.242
9 296 0.202
9 366 0.28
9 476 0.278
9 167 0.237
9 452 0.356
9 11 0.386
9 300 0.371
9 124 0.23
9 125 0.301
9 27 0.28
9 320 0.227
9 285 0.206
9 56 0.235
9 188 0.251
9 55 0.383
9 535 0.254
9 121 0.297
9 66 0.262
9 139 0.306
9 223 0.293
9 304 0.227
9 325 0.204
9 360 0.383
9 506 0.253
9 99 0.237
9 528 0.383
9 63 0.358
9 177 0.378
9 67 0.312
9 440 0.268
9 97 0.352
9 301 0.312
9 229 0.235
9 225 0.29
10 8 0.301
10 11 0.358
10 12 0.372
11 4 0.292
11 8 0.264
11 9 0.271
11 10 0.25
11 24 0.253
11 73 0.33
11 274 0.245
11 69 0.289
11 218 0.258
11 64 0.298
11 26 0.359
11 296 0.342
11 62 0.331
11 118 0.28
11 476 0.21
11 490 0.241
11 55 0.2
11 337 0.299
11 58 0.368
11 224 0.221
11 304 0.371
11 188 0.27
11 491 0.309
11 302 0.385
11 438 0.203
11 68 0.235
11 12 0.305
11 228 0.223
11 216 0.224
11 230 0.326
11 357 0.34
12 8 0.349
12 10 0.321
12 11 0.243
12 69 0.316
12 507 0.337
12 27 0.319
12 585 0.233
12 508 0.227
12 357 0.299
12 329 0.295
12 362 0.321
13 14 0.344
13 15 0.232
13 16 0.303
13 17 0.398
13 18 0.339
13 19 0.349
13 20 0.385
13 21 0.254
13 22 0.368
13 23 0.259
14 13 0.297
14 113 0.362
14 21 0.356
14 240 0.208
14 15 0.247
14 177 0.282
14 239 0.253
15 13 0.2
15 14 0.367
15 22 0.295
15 240 0.208
15 20 0.292
15 237 0.373
15 492 0.27
15 239 0.208
15 18 0.265
15 353 0.27
16 13 0.34
16 237 0.358
16 238 0.381
16 17 0.245
16 239 0.327
16 19 0.225
16 240 0.294
17 8 0.284
17 13 0.321
17 16 0.225
17 92 0.373
17 205 0.234
17 75 0.314
17 307 0.237
17 208 0.266
17 212 0.364
17 25 0.309
17 213 0.385
17 55 0.254
17 333 0.233
17 50 0.371
17 67 0.214
17 525 0.284
17 77 0.374
17 459 0.207
17 305 0.251
18 13 0.252
18 15 0.359
18 113 0.243
18 21 0.258
18 240 0.268
18 177 0.332
18 239 0.273
19 13 0.269
19 16 0.304
19 240 0.21
20 13 0.318
20 15 0.398
20 113 0.241
20 21 0.304
20 478 0.258
20 240 0.265
20 560 0.356
20 578 0.317
20 239 0.244
20 253 0.355
20 20 0.236
20 492 0.289
21 13 0.366
21 14 0.317
21 18 0.342
21 20 0.246
21 113 0.218
21 238 0.388
21 22 0.263
21 240 0.219
22 13 0.37
22 15 0.312
22 21 0.369
22 113 0.215
22 238 0.257
22 239 0.271
22 492 0.264
22 240 0.238
22 99 0.283
23 13 0.32
23 314 0.348
24 11 0.22
24 25 0.356
24 26 0.386
24 27 0.319
24 28 0.263
25 8 0.358
25 17 0.266
25 24 0.282
25 73 0.336
25 218 0.265
25 26 0.232
25 246 0.226
25 434 0.304
25 216 0.362
25 528 0.337
25 529 0.287
25 253 0.258
25 530 0.224
25 531 0.353
25 251 0.222
26 2 0.384
26 4 0.356
26 8 0.213
26 9 0.357
26 11 0.34
26 24 0.248
26 25 0.322
26 54 0.287
26 45 0.383
26 69 0.291
26 75 0.332
26 95 0.317
26 218 0.265
26 64 0.219
26 55 0.382
26 337 0.389
26 296 0.361
26 57 0.399
26 122 0.214
26 138 0.213
26 97 0.365
26 224 0.292
26 297 0.285
26 50 0.39
26 121 0.288
26 61 0.398
26 299 0.268
26 62 0.29
26 301 0.201
26 222 0.365
26 225 0.384
26 227 0.257
26 325 0.239
26 66 0.238
26 338 0.329
26 68 0.324
26 285 0.272
26 230 0.226
26 58 0.323
26 300 0.37
26 304 0.226
26 228 0.258
26 221 0.239
26 124 0.282
26 369 0.343
26 216 0.399
26 305 0.329
26 362 0.276
26 76 0.292
26 125 0.34
26 27 0.279
27 4 0.221
27 8 0.398
27 9 0.37
27 12 0.357
27 24 0.399
27 26 0.355
27 69 0.359
27 218 0.262
27 64 0.203
27 296 0.34
27 299 0.28
27 62 0.231
27 118 0.316
27 216 0.311
27 68 0.335
27 224 0.255
27 58 0.255
27 302 0.21
27 225 0.285
27 362 0.364
27 227 0.322
28 24 0.291
29 8 0.389
29 30 0.229
29 31 0.387
29 32 0.21
30 29 0.262
30 571 0.396
31 8 0.216
31 29 0.338
31 54 0.279
31 219 0.238
31 75 0.235
31 95 0.389
31 220 0.239
31 255 0.369
31 64 0.247
31 135 0.218
31 340 0.345
31 70 0.205
31 209 0.297
31 56 0.204
31 74 0.317
31 66 0.34
31 97 0.298
32 29 0.277
32 571 0.219
33 34 0.341
34 33 0.272
34 395 0.212
35 36 0.389
35 37 0.334
35 38 0.229
35 39 0.261
35 40 0.363
36 35 0.214
36 37 0.302
36 418 0.209
36 419 0.258
36 420 0.244
36 421 0.335
36 39 0.333
37 35 0.239
37 36 0.363
37 418 0.352
37 473 0.379
37 38 0.276
37 39 0.241
38 35 0.268
38 37 0.318
38 39 0.203
39 35 0.233
39 36 0.279
39 37 0.334
39 38 0.208
39 474 0.338
39 419 0.349
39 420 0.3
39 421 0.278
39 418 0.224
39 485 0.265
40 35 0.355
40 160 0.239
40 163 0.399
40 235 0.29
40 173 0.386
40 170 0.384
40 197 0.338
40 348 0.249
40 392 0.26
40 152 0.271
40 190 0.242
40 425 0.225
40 194 0.368
40 176 0.239
40 192 0.36
40 193 0.29
40 174 0.277
40 495 0.38
40 503 0.276
40 315 0.233
40 419 0.232
40 545 0.387
40 400 0.369
40 359 0.202
40 576 0.277
40 200 0.2
40 202 0.301
40 183 0.29
40 504 0.319
40 171 0.386
40 575 0.275
40 199 0.317
40 426 0.397
40 401 0.306
40 203 0.317
40 195 0.238
40 347 0.359
40 573 0.271
40 191 0.244
40 198 0.303
40 607 0.321
40 399 0.306
40 606 0.399
40 189 0.391
40 165 0.26
40 181 0.335
40 162 0.394
40 468 0.263
40 168 0.381
40 196 0.285
40 175 0.254
40 316 0.203
40 179 0.364
40 505 0.218
40 201 0.388
40 614 0.348
40 574 0.267
40 204 0.298
40 610 0.22
41 8 0.39
41 42 0.274
41 43 0.337
41 44 0.281
41 45 0.319
41 46 0.238
41 47 0.218
42 41 0.203
42 157 0.268
42 340 0.247
42 70 0.296
43 41 0.241
43 404 0.293
43 44 0.365
43 47 0.378
44 41 0.347
44 43 0.279
44 47 0.348
44 46 0.353
45 2 0.261
45 8 0.331
45 9 0.206
45 26 0.352
45 41 0.383
45 214 0.233
45 223 0.326
45 58 0.357
45 224 0.238
45 62 0.368
45 225 0.281
45 226 0.397
45 218 0.241
45 64 0.232
45 227 0.394
45 69 0.344
45 228 0.3
45 229 0.366
45 216 0.292
45 230 0.323
45 90 0.309
45 231 0.341
46 41 0.314
46 44 0.346
46 404 0.386
47 41 0.212
47 43 0.287
47 44 0.202
47 404 0.279
48 49 0.277
48 50 0.252
48 51 0.39
48 52 0.352
48 53 0.305
49 48 0.241
49 511 0.352
50 2 0.233
50 17 0.253
50 26 0.202
50 48 0.275
50 54 0.217
50 73 0.237
50 169 0.316
50 75 0.224
50 95 0.25
50 363 0.374
50 296 0.261
50 125 0.251
50 285 0.238
50 56 0.348
50 55 0.382
50 322 0.203
50 66 0.367
50 139 0.393
50 304 0.305
50 97 0.393
50 301 0.383
50 225 0.31
51 48 0.292
51 53 0.329
52 48 0.365
52 384 0.352
52 385 0.298
52 386 0.229
52 387 0.355
52 388 0.287
52 389 0.323
53 48 0.32
53 51 0.262
53 482 0.257
53 580 0.241
54 8 0.266
54 9 0.265
54 26 0.215
54 31 0.25
54 50 0.388
54 55 0.21
54 56 0.369
54 57 0.265
54 58 0.221
54 59 0.32
54 60 0.235
54 61 0.311
54 62 0.204
54 63 0.2
54 64 0.386
54 65 0.361
54 66 0.366
54 67 0.338
54 68 0.341
54 69 0.274
54 70 0.269
54 71 0.257
54 72 0.295
54 73 0.309
54 74 0.225
54 75 0.323
54 76 0.317
54 77 0.318
55 4 0.376
55 8 0.362
55 9 0.341
55 11 0.331
55 17 0.202
55 26 0.229
55 50 0.272
55 54 0.23
55 262 0.262
55 75 0.376
55 95 0.235
55 255 0.357
55 64 0.236
55 72 0.222
55 434 0.252
55 230 0.245
55 300 0.306
55 68 0.296
55 56 0.244
55 58 0.208
55 61 0.266
55 301 0.227
55 97 0.27
55 121 0.256
55 63 0.397
55 325 0.376
55 66 0.308
55 139 0.225
55 361 0.319
55 304 0.274
55 433 0.297
55 306 0.332
56 8 0.398
56 9 0.267
56 31 0.282
56 50 0.327
56 54 0.246
56 55 0.209
56 73 0.292
56 75 0.385
56 295 0.356
56 95 0.378
56 220 0.207
56 255 0.347
56 64 0.371
56 299 0.24
56 62 0.29
56 222 0.313
56 138 0.25
56 71 0.264
56 480 0.323
56 60 0.252
56 59 0.262
56 214 0.21
56 58 0.269
56 61 0.384
56 66 0.314
56 67 0.24
56 446 0.358
56 338 0.352
56 322 0.221
56 70 0.352
56 481 0.319
56 361 0.305
56 572 0.281
56 304 0.308
56 74 0.235
56 305 0.214
56 76 0.386
57 26 0.286
57 54 0.38
57 337 0.365
58 11 0.24
58 26 0.386
58 27 0.363
58 45 0.35
58 54 0.373
58 55 0.215
58 56 0.23
58 274 0.335
58 69 0.368
58 75 0.32
58 218 0.246
58 135 0.331
58 138 0.255
58 300 0.235
58 68 0.36
58 124 0.267
58 284 0.335
58 225 0.213
58 97 0.298
58 435 0.347
58 139 0.375
58 227 0.389
58 66 0.299
58 67 0.381
58 326 0.27
58 76 0.261
59 54 0.292
59 56 0.384
59 75 0.292
59 95 0.232
59 66 0.279
60 54 0.358
60 56 0.218
60 75 0.307
60 95 0.228
60 296 0.253
60 320 0.282
60 322 0.383
60 209 0.352
60 361 0.251
60 66 0.33
60 225 0.312
60 97 0.307
60 139 0.368
60 285 0.371
61 26 0.381
61 54 0.348
61 55 0.215
61 56 0.22
61 262 0.361
61 75 0.304
61 95 0.241
61 363 0.377
61 72 0.311
61 124 0.288
61 535 0.263
61 322 0.293
61 66 0.257
61 139 0.306
61 122 0.2
61 325 0.362
61 67 0.282
61 365 0.374
61 97 0.285
61 265 0.285
61 301 0.225
62 8 0.24
62 11 0.342
62 26 0.369
62 27 0.283
62 45 0.304
62 54 0.324
62 56 0.339
62 274 0.388
62 69 0.354
62 75 0.322
62 218 0.246
62 135 0.237
62 284 0.387
62 138 0.203
62 225 0.378
62 97 0.385
62 435 0.331
62 300 0.265
62 139 0.367
62 227 0.276
62 66 0.205
62 67 0.266
62 326 0.23
62 68 0.35
62 124 0.304
62 76 0.242
63 4 0.335
63 8 0.213
63 9 0.29
63 54 0.394
63 55 0.266
63 64 0.223
63 296 0.371
63 135 0.386
63 434 0.302
63 222 0.234
63 68 0.336
63 581 0.258
63 66 0.28
63 304 0.355
63 224 0.228
63 433 0.387
63 209 0.388
63 301 0.327
63 305 0.242
63 97 0.268
64 2 0.304
64 11 0.332
64 26 0.232
64 27 0.393
64 31 0.267
64 45 0.229
64 54 0.327
64 55 0.264
64 56 0.321
64 63 0.391
64 184 0.226
64 219 0.318
64 140 0.376
64 69 0.391
64 75 0.317
64 95 0.394
64 220 0.226
64 255 0.389
64 218 0.376
64 320 0.231
64 340 0.357
64 225 0.279
64 97 0.288
64 99 0.262
64 121 0.212
64 135 0.283
64 188 0.22
64 139 0.335
64 366 0.358
64 296 0.229
64 209 0.218
64 227 0.206
64 367 0.215
64 66 0.398
64 67 0.376
64 368 0.397
64 285 0.219
64 70 0.292
64 301 0.255
64 300 0.272
64 304 0.338
64 74 0.319
64 76 0.213
65 8 0.206
65 54 0.204
65 95 0.282
65 66 0.223
65 75 0.222
65 96 0.315
65 97 0.353
65 98 0.343
65 99 0.311
65 69 0.39
66 4 0.379
66 8 0.342
66 9 0.288
66 26 0.239
66 31 0.241
66 50 0.399
66 54 0.264
66 55 0.373
66 56 0.312
66 58 0.366
66 59 0.383
66 60 0.202
66 61 0.353
66 62 0.398
66 63 0.37
66 64 0.387
66 65 0.386
66 73 0.391
66 98 0.263
66 274 0.283
66 69 0.234
66 75 0.217
66 295 0.215
66 95 0.225
66 218 0.218
66 72 0.307
66 299 0.205
66 222 0.261
66 336 0.256
66 208 0.309
66 71 0.29
66 324 0.229
66 216 0.395
66 230 0.212
66 480 0.238
66 68 0.397
66 320 0.276
66 322 0.254
66 70 0.241
66 337 0.317
66 122 0.289
66 97 0.314
66 338 0.299
66 323 0.384
66 139 0.344
66 227 0.297
66 67 0.325
66 444 0.381
66 481 0.3
66 76 0.232
66 254 0.346
66 74 0.206
66 305 0.323
66 117 0.336
66 77 0.284
67 8 0.334
67 9 0.387
67 17 0.341
67 54 0.214
67 56 0.249
67 58 0.326
67 61 0.348
67 62 0.373
67 64 0.268
67 66 0.37
67 75 0.316
67 95 0.335
67 296 0.33
67 208 0.35
67 212 0.381
67 125 0.255
67 178 0.377
67 321 0.328
67 139 0.382
67 590 0.314
67 331 0.289
67 570 0.306
67 97 0.323
67 119 0.385
67 77 0.381
68 8 0.3
68 11 0.232
68 26 0.317
68 27 0.379
68 54 0.341
68 55 0.269
68 58 0.32
68 62 0.241
68 63 0.301
68 66 0.335
68 98 0.362
68 69 0.272
68 75 0.314
68 95 0.393
68 218 0.288
68 406 0.298
68 366 0.356
68 324 0.2
68 230 0.316
68 300 0.261
68 225 0.288
68 97 0.307
68 224 0.389
68 532 0.247
68 528 0.349
68 533 0.267
68 534 0.355
68 535 0.334
68 323 0.357
68 536 0.349
68 361 0.259
69 4 0.243
69 8 0.279
69 9 0.364
69 11 0.353
69 12 0.244
69 26 0.314
69 27 0.366
69 45 0.215
69 54 0.359
69 58 0.354
69 62 0.37
69 64 0.333
69 65 0.385
69 66 0.251
69 68 0.33
69 295 0.209
69 223 0.298
69 296 0.223
69 95 0.23
69 225 0.204
69 97 0.229
69 224 0.362
69 297 0.289
69 298 0.392
69 135 0.263
69 228 0.295
69 299 0.331
69 300 0.313
69 226 0.359
69 301 0.314
69 218 0.384
69 227 0.358
69 302 0.255
69 230 0.301
69 251 0.283
69 303 0.307
69 213 0.376
69 253 0.222
69 304 0.314
69 74 0.307
69 124 0.215
69 216 0.258
69 305 0.37
69 306 0.228
69 307 0.233
69 76 0.305
69 75 0.278
70 8 0.352
70 31 0.382
70 42 0.211
70 54 0.265
70 56 0.207
70 64 0.336
70 66 0.21
70 75 0.291
70 95 0.375
70 220 0.274
70 135 0.313
70 340 0.287
70 97 0.324
70 139 0.344
71 54 0.361
71 56 0.292
71 66 0.325
71 75 0.3
71 95 0.372
72 8 0.396
72 54 0.361
72 55 0.358
72 61 0.339
72 66 0.354
72 75 0.235
72 95 0.22
72 223 0.381
72 321 0.301
72 97 0.375
72 331 0.328
72 77 0.345
73 2 0.358
73 11 0.386
73 25 0.206
73 50 0.385
73 54 0.381
73 56 0.364
73 66 0.379
73 135 0.234
73 136 0.31
73 137 0.217
73 138 0.282
73 139 0.277
73 140 0.225
73 75 0.285
74 8 0.316
74 31 0.236
74 54 0.209
74 56 0.363
74 64 0.342
74 66 0.26
74 69 0.39
74 169 0.273
74 75 0.286
74 95 0.362
74 220 0.36
74 255 0.271
74 135 0.314
74 139 0.258
74 325 0.346
74 97 0.348
75 4 0.329
75 8 0.355
75 9 0.303
75 17 0.295
75 26 0.366
75 31 0.319
75 50 0.228
75 54 0.332
75 55 0.249
75 56 0.259
75 58 0.312
75 59 0.291
75 60 0.209
75 61 0.311
75 62 0.332
75 64 0.361
75 65 0.341
75 66 0.377
75 67 0.39
75 68 0.267
75 69 0.279
75 70 0.372
75 71 0.352
75 72 0.255
75 73 0.298
75 74 0.336
75 98 0.381
75 262 0.318
75 274 0.36
75 320 0.39
75 220 0.278
75 295 0.22
75 95 0.234
75 321 0.316
75 97 0.321
75 224 0.266
75 250 0.342
75 322 0.27
75 323 0.279
75 324 0.309
75 230 0.295
75 208 0.359
75 226 0.39
75 325 0.255
75 185 0.225
75 326 0.257
75 327 0.312
75 251 0.206
75 253 0.263
75 328 0.313
75 265 0.323
75 329 0.318
75 330 0.247
75 76 0.373
75 331 0.358
75 77 0.32
76 8 0.379
76 26 0.256
76 54 0.376
76 56 0.324
76 58 0.372
76 62 0.328
76 64 0.338
76 66 0.21
76 69 0.217
76 75 0.336
76 338 0.3
77 17 0.378
77 54 0.222
77 66 0.374
77 67 0.391
77 72 0.254
77 75 0.322
77 205 0.209
77 317 0.206
77 332 0.248
77 95 0.399
77 363 0.246
77 397 0.322
77 407 0.225
77 327 0.337
77 309 0.206
77 471 0.368
77 526 0.39
77 125 0.37
77 250 0.364
77 364 0.387
77 352 0.368
77 322 0.289
77 475 0.251
77 455 0.391
77 333 0.344
77 330 0.343
77 365 0.35
77 97 0.203
77 564 0.277
77 565 0.217
77 592 0.373
77 353 0.336
77 611 0.306
78 79 0.246
78 80 0.229
79 78 0.238
79 494 0.216
79 90 0.23
79 598 0.282
80 78 0.25
80 208 0.376
80 212 0.217
80 213 0.38
80 149 0.23
80 215 0.253
80 489 0.333
81 82 0.364
81 83 0.217
81 84 0.261
81 85 0.264
81 86 0.274
81 87 0.371
82 81 0.3
82 83 0.249
82 86 0.352
82 84 0.303
82 85 0.351
82 87 0.398
83 81 0.292
83 82 0.318
83 341 0.308
83 342 0.255
83 84 0.295
83 343 0.298
83 86 0.32
83 87 0.375
83 344 0.326
83 85 0.384
84 81 0.25
84 82 0.376
84 83 0.261
84 93 0.375
84 308 0.208
84 343 0.35
84 86 0.361
84 344 0.259
84 87 0.267
84 341 0.36
84 483 0.295
84 85 0.229
85 81 0.214
85 82 0.338
85 83 0.392
85 84 0.391
85 343 0.367
85 86 0.253
86 81 0.204
86 82 0.28
86 83 0.242
86 84 0.322
86 85 0.358
86 483 0.258
86 87 0.387
87 81 0.298
87 82 0.238
87 83 0.383
87 84 0.201
87 86 0.3
88 89 0.341
88 90 0.393
88 91 0.26
89 88 0.348
89 402 0.21
89 557 0.289
89 618 0.365
89 619 0.328
90 45 0.222
90 79 0.235
90 88 0.393
90 387 0.291
90 540 0.352
90 386 0.39
91 88 0.284
92 17 0.25
93 84 0.368
93 94 0.306
94 93 0.34
95 8 0.387
95 9 0.302
95 26 0.207
95 31 0.369
95 50 0.206
95 55 0.311
95 56 0.325
95 59 0.399
95 60 0.264
95 61 0.399
95 64 0.206
95 65 0.378
95 66 0.377
95 67 0.25
95 68 0.355
95 69 0.268
95 70 0.221
95 71 0.298
95 72 0.326
95 74 0.203
95 75 0.336
95 77 0.327
95 205 0.327
95 274 0.374
95 295 0.316
95 223 0.226
95 334 0.296
95 335 0.209
95 97 0.289
95 322 0.386
95 214 0.209
95 228 0.34
95 336 0.201
95 337 0.324
95 296 0.289
95 119 0.24
95 208 0.229
95 227 0.35
95 178 0.303
95 215 0.387
95 338 0.204
95 285 0.379
95 251 0.297
95 213 0.211
95 253 0.283
95 305 0.264
95 307 0.27
96 8 0.371
96 65 0.365
96 224 0.31
96 99 0.25
97 8 0.209
97 9 0.313
97 26 0.356
97 31 0.235
97 50 0.365
97 55 0.224
97 58 0.218
97 60 0.224
97 61 0.24
97 62 0.344
97 63 0.239
97 64 0.251
97 65 0.259
97 66 0.237
97 67 0.299
97 68 0.29
97 69 0.241
97 70 0.273
97 72 0.396
97 74 0.25
97 75 0.336
97 77 0.393
97 95 0.286
97 98 0.361
97 295 0.203
97 327 0.259
97 230 0.271
97 250 0.231
97 178 0.216
97 326 0.348
97 226 0.226
97 328 0.377
97 330 0.231
97 613 0.332
97 119 0.386
98 8 0.327
98 65 0.276
98 66 0.36
98 68 0.395
98 75 0.281
98 97 0.387
98 250 0.273
98 251 0.276
98 252 0.32
98 253 0.207
98 254 0.337
98 255 0.24
99 8 0.308
99 9 0.252
99 22 0.315
99 64 0.207
99 65 0.259
99 96 0.291
99 299 0.241
99 187 0.348
99 230 0.247
99 567 0.398
99 186 0.216
99 302 0.211
99 441 0.203
99 224 0.259
99 297 0.275
100 101 0.285
100 102 0.217
100 103 0.254
100 104 0.317
100 105 0.375
100 106 0.335
100 107 0.321
100 108 0.382
100 109 0.344
100 110 0.227
100 111 0.204
100 112 0.31
101 100 0.341
101 127 0.257
101 112 0.283
101 106 0.281
101 109 0.394
101 107 0.387
101 103 0.303
101 108 0.355
101 111 0.395
101 105 0.226
101 102 0.301
101 104 0.377
101 110 0.336
102 100 0.293
102 101 0.264
102 112 0.288
102 106 0.345
102 109 0.388
102 107 0.393
102 103 0.229
102 108 0.232
102 111 0.244
102 104 0.313
102 105 0.392
102 110 0.225
103 100 0.259
103 101 0.397
103 102 0.33
103 112 0.384
103 106 0.282
103 109 0.396
103 107 0.244
103 104 0.255
103 105 0.387
103 108 0.342
103 110 0.298
103 111 0.373
104 100 0.376
104 101 0.258
104 102 0.251
104 103 0.277
104 358 0.268
104 393 0.266
104 394 0.355
104 453 0.285
104 454 0.377
104 396 0.229
104 106 0.307
104 546 0.202
104 109 0.215
104 129 0.26
104 586 0.308
104 461 0.274
104 108 0.278
104 128 0.36
104 395 0.389
104 105 0.297
104 583 0.347
104 110 0.235
105 100 0.245
105 101 0.212
105 102 0.209
105 103 0.394
105 104 0.359
105 127 0.333
105 112 0.226
105 106 0.291
105 109 0.224
105 107 0.319
105 108 0.223
105 111 0.362
105 110 0.289
106 100 0.269
106 101 0.36
106 102 0.314
106 103 0.23
106 104 0.228
106 105 0.249
106 112 0.276
106 108 0.379
106 107 0.231
106 109 0.258
106 110 0.232
107 100 0.21
107 101 0.344
107 102 0.342
107 103 0.229
107 105 0.363
107 106 0.276
107 358 0.211
107 393 0.286
107 394 0.3
107 453 0.348
107 454 0.332
107 396 0.245
107 546 0.24
107 109 0.268
107 129 0.314
107 586 0.316
107 461 0.364
107 108 0.226
107 128 0.262
107 395 0.359
107 583 0.313
107 110 0.318
108 100 0.312
108 101 0.381
108 102 0.289
108 103 0.305
108 104 0.37
108 105 0.349
108 106 0.254
108 107 0.262
108 112 0.311
108 462 0.212
108 109 0.285
108 110 0.339
108 111 0.298
109 100 0.362
109 101 0.213
109 102 0.264
109 103 0.322
109 104 0.398
109 105 0.298
109 106 0.357
109 107 0.292
109 108 0.377
109 112 0.399
109 110 0.273
109 111 0.279
110 100 0.314
110 101 0.304
110 102 0.327
110 103 0.218
110 104 0.283
110 105 0.315
110 106 0.236
110 107 0.363
110 108 0.298
110 109 0.202
110 112 0.265
110 394 0.255
110 454 0.271
110 547 0.328
110 111 0.287
110 395 0.389
111 100 0.281
111 101 0.214
111 102 0.265
111 103 0.383
111 105 0.353
111 108 0.338
111 109 0.355
111 110 0.257
112 100 0.265
112 101 0.381
112 102 0.22
112 103 0.337
112 105 0.312
112 106 0.228
112 108 0.328
112 109 0.296
112 110 0.264
112 112 0.264
113 14 0.25
113 18 0.213
113 20 0.25
113 21 0.283
113 22 0.238
114 8 0.398
115 8 0.239
115 116 0.32
115 117 0.343
115 118 0.204
115 119 0.26
116 115 0.201
116 350 0.228
116 476 0.297
116 323 0.373
116 599 0.38
117 66 0.219
117 115 0.349
117 184 0.285
117 447 0.371
117 118 0.335
117 452 0.398
117 188 0.262
117 242 0.298
118 8 0.276
118 11 0.359
118 27 0.34
118 115 0.244
118 117 0.354
118 413 0.215
118 398 0.255
118 437 0.255
118 242 0.28
118 416 0.276
118 452 0.301
118 438 0.253
118 362 0.337
119 8 0.226
119 67 0.313
119 95 0.2
119 97 0.226
119 115 0.251
119 452 0.386
119 178 0.25
119 551 0.237
120 121 0.305
120 122 0.229
120 123 0.383
120 124 0.284
120 125 0.208
120 126 0.231
121 8 0.245
121 9 0.294
121 26 0.23
121 55 0.291
121 64 0.218
121 120 0.285
121 443 0.379
121 325 0.376
121 305 0.257
122 4 0.224
122 26 0.316
122 61 0.286
122 66 0.261
122 120 0.345
122 299 0.231
122 230 0.356
122 305 0.384
123 120 0.317
124 4 0.329
124 8 0.362
124 9 0.344
124 26 0.248
124 58 0.354
124 61 0.257
124 62 0.365
124 69 0.352
124 120 0.291
124 230 0.237
124 177 0.355
124 305 0.279
124 326 0.359
125 8 0.385
125 9 0.251
125 26 0.225
125 50 0.332
125 67 0.391
125 77 0.399
125 120 0.29
125 295 0.266
125 322 0.305
126 120 0.345
126 223 0.258
127 101 0.309
127 105 0.262
127 128 0.383
127 129 0.39
128 104 0.329
128 107 0.345
128 127 0.206
128 453 0.372
128 396 0.291
128 419 0.293
128 462 0.382
128 129 0.329
128 586 0.373
128 395 0.266
129 104 0.222
129 107 0.281
129 127 0.347
129 128 0.367
129 358 0.277
129 393 0.327
129 454 0.219
129 396 0.361
129 462 0.38
129 583 0.212
129 461 0.291
129 395 0.243
130 131 0.206
130 132 0.237
130 133 0.349
130 130 0.245
130 134 0.248
131 130 0.331
131 132 0.298
131 134 0.28
132 130 0.359
132 131 0.211
132 133 0.377
132 134 0.238
132 300 0.217
132 493 0.308
133 130 0.314
133 132 0.326
133 250 0.269
133 352 0.29
133 353 0.387
133 330 0.357
134 130 0.345
134 131 0.356
134 132 0.27
135 8 0.224
135 31 0.277
135 58 0.336
135 62 0.277
135 63 0.321
135 64 0.22
135 69 0.311
135 70 0.319
135 73 0.375
135 74 0.279
135 220 0.346
135 221 0.366
135 361 0.296
135 433 0.399
135 222 0.371
135 434 0.285
136 8 0.349
136 73 0.303
136 218 0.381
136 138 0.374
136 216 0.319
136 305 0.303
137 8 0.353
137 73 0.22
138 4 0.238
138 26 0.315
138 56 0.33
138 58 0.276
138 62 0.338
138 73 0.351
138 136 0.217
138 468 0.317
138 469 0.318
138 435 0.382
139 8 0.256
139 9 0.251
139 50 0.293
139 55 0.303
139 58 0.271
139 60 0.352
139 61 0.247
139 62 0.268
139 64 0.367
139 66 0.203
139 67 0.343
139 70 0.365
139 73 0.353
139 74 0.275
139 220 0.202
139 222 0.265
139 480 0.213
139 338 0.271
139 214 0.303
139 209 0.32
139 325 0.329
139 481 0.213
139 305 0.31
140 8 0.36
140 64 0.382
140 73 0.253
140 285 0.373
140 214 0.309
141 142 0.225
141 143 0.369
141 144 0.255
141 145 0.36
141 146 0.215
141 147 0.221
142 141 0.271
142 391 0.266
142 154 0.232
142 143 0.255
142 145 0.369
142 146 0.371
142 144 0.275
142 155 0.262
142 147 0.221
143 141 0.236
143 142 0.316
143 150 0.25
143 153 0.265
143 391 0.375
143 154 0.345
143 146 0.363
143 144 0.277
143 456 0.346
143 145 0.293
143 457 0.381
143 155 0.278
143 147 0.264
144 141 0.209
144 142 0.348
144 143 0.395
144 154 0.225
144 514 0.265
144 146 0.347
144 144 0.336
144 159 0.326
145 141 0.381
145 142 0.208
145 143 0.244
146 141 0.327
146 142 0.394
146 143 0.324
146 144 0.306
146 154 0.264
146 457 0.236
146 159 0.234
146 155 0.392
146 389 0.226
147 141 0.374
147 142 0.36
147 143 0.28
147 154 0.282
147 389 0.245
148 149 0.235
149 80 0.399
149 148 0.312
149 205 0.201
149 208 0.34
149 212 0.288
149 213 0.297
149 587 0.377
149 217 0.268
149 459 0.206
150 143 0.394
151 152 0.215
152 40 0.291
152 151 0.325
152 160 0.326
152 192 0.205
152 399 0.265
152 400 0.294
152 401 0.293
152 190 0.235
152 166 0.375
153 143 0.259
153 154 0.36
153 155 0.37
154 142 0.312
154 143 0.337
154 144 0.286
154 146 0.308
154 147 0.222
154 153 0.369
154 391 0.379
154 456 0.383
154 159 0.267
154 155 0.346
154 457 0.38
155 142 0.201
155 143 0.34
155 146 0.376
155 153 0.317
155 154 0.242
155 391 0.222
155 456 0.257
156 157 0.299
157 42 0.319
157 156 0.223
157 270 0.224
157 271 0.344
157 272 0.25
157 273 0.205
158 159 0.301
159 144 0.231
159 146 0.297
159 154 0.266
159 158 0.215
160 40 0.288
160 152 0.236
160 161 0.241
160 162 0.291
160 163 0.295
160 164 0.203
160 165 0.239
160 166 0.367
160 167 0.261
160 168 0.231
160 169 0.231
160 170 0.378
160 171 0.275
160 172 0.339
160 173 0.329
160 174 0.215
160 175 0.294
160 176 0.396
160 177 0.323
160 178 0.318
160 179 0.36
160 180 0.231
160 181 0.37
160 182 0.385
160 183 0.239
161 160 0.286
161 243 0.216
161 182 0.211
161 247 0.304
162 40 0.323
162 160 0.27
162 163 0.267
162 192 0.203
162 426 0.231
162 179 0.314
163 40 0.36
163 160 0.395
163 162 0.351
163 189 0.37
163 190 0.287
163 191 0.347
163 179 0.343
163 165 0.231
163 192 0.347
163 193 0.336
163 194 0.32
163 195 0.334
163 196 0.359
163 197 0.384
163 181 0.311
163 173 0.311
163 198 0.25
163 174 0.391
163 199 0.279
163 200 0.271
163 166 0.263
163 201 0.256
163 202 0.394
163 170 0.277
163 203 0.202
163 204 0.244
164 160 0.283
164 197 0.305
164 348 0.285
164 190 0.346
164 192 0.257
164 175 0.205
165 40 0.397
165 160 0.216
165 163 0.373
165 267 0.28
165 192 0.372
165 575 0.313
165 195 0.319
165 166 0.349
166 152 0.268
166 160 0.338
166 163 0.322
166 165 0.338
166 197 0.334
166 425 0.263
166 176 0.211
166 192 0.331
166 174 0.253
166 575 0.381
166 573 0.224
166 505 0.36
166 574 0.231
166 610 0.325
166 181 0.259
167 8 0.375
167 9 0.349
167 160 0.352
167 243 0.231
167 244 0.223
167 208 0.388
167 242 0.311
167 247 0.201
168 40 0.378
168 160 0.25
168 197 0.291
168 192 0.251
168 573 0.383
168 175 0.365
169 8 0.274
169 9 0.213
169 50 0.373
169 74 0.207
169 160 0.216
169 241 0.224
169 242 0.358
169 243 0.303
169 182 0.382
169 244 0.324
169 245 0.352
169 246 0.288
169 247 0.313
170 40 0.259
170 160 0.305
170 163 0.205
170 315 0.355
170 198 0.345
170 201 0.338
170 189 0.231
170 316 0.387
170 203 0.342
170 192 0.249
171 40 0.34
171 160 0.375
171 192 0.243
171 399 0.268
172 160 0.294
172 243 0.353
173 40 0.378
173 160 0.393
173 163 0.341
173 179 0.323
173 192 0.237
174 40 0.355
174 160 0.375
174 163 0.298
174 166 0.203
174 425 0.267
174 192 0.254
174 193 0.268
174 426 0.353
174 196 0.239
174 389 0.342
174 179 0.394
174 359 0.277
175 40 0.284
175 160 0.395
175 164 0.305
175 168 0.224
175 197 0.213
175 192 0.218
175 573 0.306
175 175 0.321
176 40 0.358
176 160 0.246
176 166 0.244
176 388 0.357
176 192 0.367
176 196 0.231
176 179 0.301
177 8 0.203
177 9 0.318
177 14 0.303
177 18 0.287
177 124 0.292
177 160 0.286
177 236 0.359
177 243 0.293
177 182 0.227
177 247 0.31
177 424 0.288
178 67 0.208
178 95 0.382
178 97 0.2
178 119 0.287
178 160 0.219
178 243 0.317
178 335 0.337
178 328 0.343
179 40 0.353
179 160 0.398
179 162 0.378
179 163 0.349
179 173 0.333
179 174 0.332
179 176 0.36
179 425 0.359
179 194 0.334
179 192 0.26
179 193 0.364
179 495 0.254
179 200 0.326
179 202 0.31
179 183 0.348
179 575 0.251
179 426 0.247
179 203 0.381
179 195 0.215
179 573 0.28
179 600 0.276
179 607 0.308
179 615 0.344
179 616 0.236
179 617 0.37
179 196 0.373
179 180 0.266
179 505 0.381
179 610 0.384
180 160 0.309
180 179 0.207
180 192 0.342
180 202 0.317
180 426 0.207
180 196 0.242
181 40 0.207
181 160 0.352
181 163 0.351
181 166 0.379
181 192 0.223
181 574 0.367
182 160 0.385
182 161 0.229
182 169 0.232
182 177 0.301
182 243 0.205
182 327 0.271
182 423 0.301
182 499 0.399
182 247 0.262
183 40 0.309
183 160 0.381
183 179 0.226
183 192 0.212
184 8 0.231
184 9 0.368
184 64 0.211
184 117 0.375
184 185 0.317
184 186 0.357
184 187 0.289
184 188 0.286
185 8 0.397
185 75 0.23
185 184 0.363
185 274 0.205
185 476 0.313
185 481 0.342
185 480 0.253
186 8 0.365
186 99 0.232
186 184 0.36
186 247 0.312
186 252 0.399
186 242 0.328
186 440 0.21
187 8 0.272
187 99 0.225
187 184 0.245
187 252 0.355
187 242 0.397
187 302 0.29
187 440 0.201
188 8 0.216
188 9 0.34
188 11 0.349
188 64 0.306
188 117 0.271
188 184 0.273
188 571 0.282
188 579 0.243
189 40 0.366
189 163 0.221
189 170 0.393
190 40 0.286
190 152 0.356
190 163 0.207
190 164 0.267
191 40 0.273
191 163 0.365
192 40 0.212
192 152 0.297
192 162 0.259
192 163 0.241
192 164 0.25
192 165 0.279
192 166 0.217
192 168 0.334
192 170 0.208
192 171 0.248
192 173 0.313
192 174 0.266
192 175 0.348
192 176 0.368
192 179 0.393
192 180 0.388
192 181 0.273
192 183 0.281
192 400 0.339
192 474 0.354
192 475 0.385
192 200 0.254
193 40 0.335
193 163 0.24
193 174 0.319
193 179 0.202
193 193 0.33
193 196 0.274
194 40 0.202
194 163 0.25
194 179 0.257
194 426 0.262
195 40 0.228
195 163 0.331
195 165 0.212
195 179 0.256
196 40 0.394
196 163 0.272
196 174 0.319
196 176 0.398
196 179 0.23
196 180 0.389
196 193 0.226
196 575 0.273
197 40 0.306
197 163 0.361
197 164 0.201
197 166 0.378
197 168 0.219
197 175 0.226
197 347 0.205
197 348 0.275
198 40 0.391
198 163 0.275
198 170 0.361
198 576 0.319
198 201 0.273
198 468 0.281
198 316 0.329
198 606 0.228
199 40 0.254
199 163 0.261
199 348 0.399
199 359 0.2
199 200 0.306
199 347 0.261
200 40 0.352
200 163 0.314
200 179 0.248
200 192 0.224
200 199 0.351
200 359 0.366
201 40 0.244
201 163 0.315
201 170 0.237
201 198 0.363
201 597 0.322
201 201 0.388
202 40 0.358
202 163 0.254
202 179 0.376
202 180 0.273
203 40 0.301
203 163 0.315
203 170 0.376
203 179 0.395
203 495 0.251
203 448 0.26
204 40 0.205
204 163 0.205
205 17 0.277
205 77 0.337
205 95 0.357
205 149 0.345
205 206 0.315
205 207 0.344
205 208 0.34
205 209 0.315
205 210 0.356
205 211 0.221
205 212 0.249
205 213 0.345
205 214 0.29
205 215 0.243
205 216 0.363
205 217 0.364
205 218 0.206
206 205 0.262
206 208 0.226
206 212 0.294
206 213 0.391
207 205 0.24
207 208 0.203
207 215 0.255
207 212 0.266
207 213 0.281
208 17 0.316
208 66 0.335
208 67 0.291
208 75 0.355
208 80 0.282
208 95 0.357
208 149 0.344
208 167 0.231
208 205 0.358
208 206 0.34
208 207 0.222
208 244 0.301
208 213 0.265
208 489 0.342
208 405 0.258
209 4 0.205
209 8 0.328
209 31 0.248
209 60 0.256
209 63 0.377
209 64 0.381
209 139 0.369
209 205 0.256
209 296 0.287
209 366 0.325
209 230 0.25
209 214 0.221
209 305 0.207
210 205 0.275
210 301 0.388
211 205 0.212
212 17 0.378
212 67 0.334
212 80 0.397
212 149 0.295
212 205 0.341
212 206 0.259
212 207 0.365
212 307 0.281
212 522 0.399
212 213 0.396
212 523 0.287
212 524 0.275
212 217 0.295
212 525 0.349
212 368 0.243
213 17 0.295
213 69 0.305
213 80 0.294
213 95 0.394
213 149 0.3
213 205 0.213
213 206 0.28
213 207 0.329
213 208 0.336
213 212 0.205
213 307 0.391
213 459 0.256
213 455 0.205
213 265 0.31
213 460 0.348
214 45 0.381
214 56 0.321
214 95 0.306
214 139 0.206
214 140 0.394
214 205 0.321
214 209 0.325
214 296 0.329
214 366 0.322
214 311 0.352
215 80 0.302
215 95 0.336
215 205 0.299
215 207 0.335
216 11 0.317
216 25 0.325
216 26 0.241
216 27 0.292
216 45 0.283
216 66 0.357
216 69 0.386
216 136 0.398
216 205 0.348
216 300 0.359
216 304 0.39
216 225 0.282
216 360 0.387
216 224 0.243
217 149 0.26
217 205 0.358
217 212 0.393
218 2 0.316
218 8 0.379
218 9 0.395
218 11 0.2
218 25 0.396
218 26 0.23
218 27 0.226
218 45 0.249
218 58 0.236
218 62 0.216
218 64 0.389
218 66 0.255
218 68 0.373
218 69 0.293
218 136 0.383
218 205 0.247
218 224 0.213
218 297 0.25
218 225 0.372
218 226 0.376
218 360 0.358
218 300 0.313
218 227 0.282
218 302 0.281
218 361 0.368
218 304 0.393
218 228 0.316
218 305 0.28
218 362 0.244
218 230 0.251
219 8 0.308
219 31 0.248
219 64 0.263
219 220 0.372
219 221 0.229
219 222 0.236
220 8 0.363
220 31 0.308
220 56 0.217
220 64 0.389
220 70 0.27
220 74 0.267
220 75 0.251
220 135 0.231
220 139 0.25
220 219 0.378
220 340 0.297
221 26 0.248
221 135 0.356
221 219 0.32
222 26 0.245
222 56 0.377
222 63 0.226
222 66 0.221
222 135 0.312
222 139 0.382
222 219 0.288
222 366 0.313
222 227 0.204
222 446 0.331
223 8 0.245
223 9 0.292
223 45 0.209
223 69 0.37
223 72 0.316
223 95 0.286
223 126 0.288
223 336 0.39
223 530 0.264
224 11 0.279
224 26 0.353
224 27 0.236
224 45 0.286
224 63 0.248
224 68 0.2
224 69 0.365
224 75 0.216
224 96 0.32
224 99 0.329
224 216 0.206
224 218 0.348
224 234 0.223
224 274 0.284
224 303 0.236
224 354 0.246
224 406 0.292
224 413 0.322
224 366 0.38
224 486 0.232
224 536 0.234
224 577 0.243
224 550 0.309
224 245 0.214
224 304 0.235
224 252 0.373
224 325 0.323
224 440 0.228
224 357 0.253
224 329 0.379
225 4 0.392
225 8 0.253
225 9 0.301
225 26 0.354
225 27 0.312
225 45 0.338
225 50 0.31
225 58 0.284
225 60 0.341
225 62 0.385
225 64 0.276
225 68 0.368
225 69 0.21
225 216 0.378
225 218 0.315
225 299 0.23
225 230 0.369
225 300 0.307
225 531 0.375
225 338 0.209
225 595 0.382
225 369 0.376
225 227 0.216
226 8 0.339
226 45 0.318
226 69 0.257
226 75 0.357
226 97 0.335
226 218 0.243
226 588 0.218
227 2 0.385
227 4 0.332
227 8 0.274
227 26 0.216
227 27 0.376
227 45 0.231
227 58 0.252
227 62 0.381
227 64 0.387
227 66 0.246
227 69 0.304
227 95 0.259
227 218 0.299
227 222 0.296
227 225 0.394
227 477 0.229
227 230 0.234
227 300 0.267
227 543 0.329
227 361 0.2
227 518 0.204
227 305 0.372
228 8 0.326
228 11 0.231
228 26 0.201
228 45 0.261
228 69 0.288
228 95 0.252
228 218 0.26
228 303 0.251
228 366 0.276
228 300 0.334
229 8 0.356
229 9 0.276
229 45 0.395
230 3 0.279
230 4 0.278
230 8 0.381
230 11 0.333
230 26 0.293
230 45 0.321
230 55 0.293
230 66 0.284
230 68 0.298
230 69 0.228
230 75 0.266
230 97 0.324
230 99 0.321
230 122 0.217
230 124 0.396
230 209 0.291
230 218 0.237
230 225 0.227
230 227 0.227
230 303 0.385
230 295 0.233
230 296 0.247
230 320 0.303
230 300 0.293
230 325 0.243
230 251 0.354
230 253 0.202
230 304 0.21
230 362 0.244
231 8 0.306
231 45 0.29
231 296 0.336
231 403 0.379
232 233 0.289
233 232 0.335
233 513 0.203
234 224 0.289
235 40 0.253
236 177 0.346
237 15 0.311
237 16 0.334
238 16 0.304
238 21 0.21
238 22 0.305
239 14 0.353
239 15 0.249
239 16 0.317
239 18 0.352
239 20 0.306
239 22 0.258
240 14 0.308
240 15 0.377
240 16 0.249
240 18 0.239
240 19 0.297
240 20 0.296
240 21 0.251
240 22 0.368
240 335 0.284
240 353 0.261
241 8 0.3
241 169 0.228
242 8 0.399
242 117 0.283
242 118 0.373
242 167 0.223
242 169 0.286
242 186 0.284
242 187 0.26
242 413 0.268
242 436 0.299
242 416 0.368
242 355 0.33
242 594 0.273
243 8 0.214
243 9 0.281
243 161 0.217
243 167 0.306
243 169 0.39
243 172 0.298
243 177 0.303
243 178 0.352
243 182 0.245
243 314 0.288
243 247 0.231
244 167 0.343
244 169 0.318
244 208 0.384
244 405 0.292
245 8 0.227
245 169 0.223
245 224 0.38
245 434 0.322
245 433 0.36
246 8 0.233
246 25 0.313
246 169 0.219
246 423 0.323
246 424 0.304
247 161 0.356
247 167 0.201
247 169 0.373
247 177 0.378
247 182 0.267
247 186 0.386
247 243 0.26
247 541 0.359
247 314 0.263
247 549 0.304
248 249 0.26
249 6 0.213
249 248 0.306
249 409 0.322
249 282 0.211
250 75 0.254
250 77 0.215
250 97 0.256
250 98 0.342
250 133 0.359
250 332 0.392
250 370 0.354
250 397 0.277
250 431 0.287
250 327 0.205
250 309 0.395
250 526 0.217
250 455 0.263
250 353 0.386
250 330 0.26
250 322 0.395
251 25 0.269
251 69 0.222
251 75 0.263
251 95 0.302
251 98 0.239
251 230 0.331
251 300 0.237
251 536 0.246
252 8 0.347
252 98 0.337
252 186 0.295
252 187 0.27
252 224 0.29
252 434 0.252
252 577 0.217
252 297 0.258
252 433 0.36
252 444 0.303
253 20 0.331
253 25 0.371
253 69 0.312
253 75 0.278
253 95 0.326
253 98 0.357
253 230 0.311
253 300 0.347
253 536 0.32
254 4 0.355
254 66 0.245
254 98 0.326
254 496 0.348
254 532 0.259
254 361 0.359
255 8 0.205
255 31 0.255
255 55 0.251
255 56 0.352
255 64 0.219
255 74 0.388
255 98 0.234
256 8 0.381
257 258 0.353
257 259 0.371
257 260 0.388
257 261 0.286
258 257 0.204
259 257 0.207
259 292 0.309
259 289 0.277
260 257 0.288
260 513 0.257
261 257 0.289
262 55 0.392
262 61 0.233
262 75 0.348
262 263 0.363
262 264 0.325
262 265 0.311
262 266 0.378
263 262 0.399
263 265 0.295
264 262 0.356
264 265 0.278
265 8 0.346
265 61 0.317
265 75 0.23
265 213 0.252
265 262 0.274
265 263 0.342
265 264 0.24
265 274 0.311
265 266 0.234
265 554 0.246
266 262 0.319
266 265 0.242
267 165 0.325
267 268 0.378
267 269 0.386
268 267 0.399
269 267 0.286
269 612 0.29
270 157 0.248
271 8 0.242
271 157 0.229
271 339 0.379
272 157 0.201
273 157 0.344
274 11 0.346
274 58 0.241
274 62 0.366
274 66 0.395
274 75 0.255
274 95 0.337
274 185 0.287
274 224 0.218
274 265 0.214
274 275 0.323
274 276 0.297
274 277 0.269
274 278 0.313
274 279 0.276
275 274 0.371
275 434 0.235
275 433 0.222
276 274 0.311
276 354 0.253
276 479 0.296
276 480 0.352
276 481 0.237
277 274 0.36
277 467 0.3
277 604 0.31
278 274 0.233
279 274 0.249
279 528 0.276
280 281 0.239
280 282 0.229
281 1 0.255
281 5 0.362
281 6 0.364
281 280 0.298
281 408 0.221
281 409 0.362
281 282 0.233
281 410 0.389
281 411 0.374
281 412 0.322
282 1 0.338
282 6 0.371
282 249 0.322
282 280 0.315
282 281 0.306
282 458 0.275
282 411 0.306
282 410 0.239
282 584 0.364
282 409 0.39
282 412 0.222
282 562 0.213
283 284 0.253
284 58 0.264
284 62 0.237
284 283 0.291
285 8 0.266
285 9 0.299
285 26 0.222
285 50 0.295
285 60 0.349
285 64 0.22
285 95 0.327
285 140 0.385
285 296 0.227
285 301 0.222
286 287 0.332
286 288 0.317
286 289 0.372
286 290 0.349
286 291 0.318
286 292 0.214
286 293 0.24
286 294 0.281
287 286 0.292
287 292 0.302
287 289 0.263
287 288 0.394
287 291 0.394
287 290 0.207
287 293 0.256
287 465 0.363
288 286 0.266
288 287 0.302
288 292 0.363
288 289 0.307
288 290 0.239
288 291 0.274
288 293 0.323
288 294 0.367
288 465 0.287
289 259 0.361
289 286 0.295
289 287 0.333
289 288 0.369
289 292 0.257
289 464 0.239
289 290 0.281
289 291 0.297
289 294 0.3
289 293 0.265
289 465 0.204
289 466 0.335
290 286 0.398
290 287 0.245
290 288 0.284
290 289 0.256
290 292 0.381
290 291 0.305
290 403 0.325
290 293 0.364
291 286 0.288
291 287 0.394
291 288 0.361
291 289 0.375
291 290 0.203
291 292 0.241
291 465 0.334
291 293 0.366
292 259 0.285
292 286 0.213
292 287 0.26
292 288 0.225
292 289 0.221
292 290 0.242
292 291 0.359
292 294 0.206
292 293 0.234
293 286 0.2
293 287 0.367
293 288 0.238
293 289 0.301
293 290 0.37
293 291 0.304
293 292 0.349
293 465 0.287
294 286 0.372
294 288 0.302
294 289 0.269
294 292 0.291
294 515 0.307
294 465 0.25
294 466 0.313
295 4 0.317
295 8 0.303
295 56 0.396
295 66 0.228
295 69 0.384
295 75 0.233
295 95 0.307
295 97 0.301
295 125 0.335
295 230 0.371
296 8 0.303
296 9 0.245
296 11 0.356
296 26 0.214
296 27 0.22
296 50 0.395
296 60 0.261
296 63 0.289
296 64 0.205
296 67 0.293
296 69 0.36
296 95 0.267
296 209 0.202
296 214 0.221
296 230 0.319
296 231 0.338
296 285 0.34
296 312 0.312
296 417 0.363
296 325 0.36
296 338 0.253
296 305 0.274
297 8 0.302
297 26 0.348
297 69 0.35
297 99 0.355
297 218 0.352
297 252 0.291
297 440 0.387
298 69 0.262
298 434 0.239
298 433 0.295
299 26 0.278
299 27 0.243
299 56 0.353
299 66 0.222
299 69 0.21
299 99 0.381
299 122 0.237
299 225 0.216
299 300 0.23
299 366 0.337
300 4 0.27
300 8 0.39
300 9 0.276
300 26 0.203
300 55 0.326
300 58 0.223
300 62 0.3
300 64 0.317
300 68 0.259
300 69 0.312
300 132 0.238
300 216 0.295
300 218 0.204
300 225 0.35
300 227 0.38
300 228 0.37
300 230 0.22
300 251 0.247
300 253 0.333
300 299 0.327
300 320 0.266
300 337 0.31
300 468 0.232
300 518 0.246
300 435 0.373
300 433 0.278
300 361 0.238
300 304 0.276
300 369 0.333
300 306 0.295
300 362 0.23
301 4 0.232
301 8 0.374
301 9 0.273
301 26 0.266
301 50 0.331
301 55 0.258
301 61 0.31
301 63 0.32
301 64 0.299
301 69 0.239
301 210 0.324
301 285 0.258
301 354 0.256
301 526 0.322
301 361 0.25
302 8 0.339
302 11 0.229
302 27 0.221
302 69 0.259
302 99 0.385
302 187 0.222
302 218 0.224
302 422 0.311
302 433 0.274
303 8 0.271
303 69 0.25
303 224 0.222
303 228 0.228
303 230 0.374
303 304 0.261
304 2 0.377
304 4 0.39
304 8 0.272
304 9 0.39
304 11 0.285
304 26 0.219
304 50 0.268
304 55 0.338
304 56 0.33
304 63 0.292
304 64 0.252
304 69 0.282
304 216 0.22
304 218 0.22
304 224 0.318
304 230 0.328
304 300 0.227
304 303 0.385
304 434 0.38
304 486 0.229
304 566 0.213
304 491 0.301
304 433 0.389
304 369 0.336
305 2 0.203
305 4 0.223
305 8 0.221
305 17 0.353
305 26 0.364
305 56 0.352
305 63 0.29
305 66 0.27
305 69 0.272
305 95 0.219
305 121 0.234
305 122 0.299
305 124 0.26
305 136 0.231
305 139 0.271
305 209 0.232
305 218 0.303
305 227 0.236
305 296 0.295
305 445 0.273
305 320 0.307
305 535 0.349
305 325 0.34
306 55 0.35
306 69 0.384
306 300 0.378
307 17 0.285
307 69 0.229
307 95 0.387
307 212 0.321
307 213 0.227
307 313 0.261
307 459 0.258
307 460 0.245
308 84 0.398
308 309 0.2
309 8 0.324
309 77 0.284
309 250 0.222
309 308 0.33
309 353 0.276
310 2 0.205
310 381 0.231
311 2 0.333
311 8 0.301
311 214 0.224
312 8 0.285
312 296 0.343
313 307 0.318
314 23 0.295
314 243 0.307
314 247 0.347
315 40 0.365
315 170 0.342
316 40 0.385
316 170 0.294
316 198 0.251
317 77 0.216
318 319 0.369
319 318 0.221
319 448 0.276
319 449 0.333
319 450 0.389
319 451 0.254
320 8 0.294
320 9 0.276
320 60 0.361
320 64 0.313
320 66 0.306
320 75 0.299
320 230 0.286
320 300 0.276
320 305 0.346
320 532 0.333
320 542 0.336
320 337 0.219
320 321 0.239
320 362 0.204
320 331 0.324
321 67 0.341
321 72 0.35
321 75 0.393
321 320 0.259
322 50 0.252
322 56 0.319
322 60 0.202
322 61 0.394
322 66 0.357
322 75 0.28
322 77 0.332
322 95 0.283
322 125 0.271
322 250 0.398
322 471 0.396
322 472 0.294
323 66 0.213
323 68 0.357
323 75 0.366
323 116 0.279
323 496 0.23
324 66 0.308
324 68 0.302
324 75 0.32
324 496 0.384
324 361 0.25
325 4 0.36
325 8 0.282
325 9 0.37
325 26 0.284
325 55 0.304
325 61 0.262
325 74 0.311
325 75 0.232
325 121 0.24
325 139 0.397
325 224 0.215
325 230 0.386
325 296 0.329
325 305 0.264
325 512 0.204
325 338 0.297
326 58 0.228
326 62 0.307
326 75 0.216
326 97 0.257
326 124 0.244
327 75 0.33
327 77 0.265
327 97 0.219
327 182 0.343
327 250 0.393
327 373 0.215
327 397 0.31
327 455 0.237
327 375 0.304
328 75 0.275
328 97 0.251
328 178 0.359
329 8 0.269
329 12 0.292
329 75 0.344
329 224 0.224
329 528 0.288
330 75 0.273
330 77 0.392
330 97 0.298
330 133 0.355
330 250 0.343
330 526 0.293
330 352 0.362
330 353 0.395
331 67 0.377
331 72 0.329
331 75 0.271
331 320 0.258
332 77 0.219
332 250 0.38
332 333 0.377
333 17 0.228
333 77 0.229
333 332 0.285
333 364 0.202
333 564 0.363
333 565 0.234
334 95 0.229
335 95 0.323
335 178 0.268
335 240 0.399
336 66 0.254
336 95 0.28
336 223 0.376
337 11 0.348
337 26 0.219
337 57 0.347
337 66 0.31
337 95 0.23
337 300 0.269
337 320 0.399
338 26 0.285
338 56 0.263
338 66 0.328
338 76 0.223
338 95 0.274
338 139 0.372
338 225 0.377
338 296 0.261
338 325 0.225
339 271 0.387
339 487 0.227
339 488 0.281
340 8 0.39
340 31 0.383
340 42 0.38
340 64 0.2
340 70 0.243
340 220 0.277
340 366 0.242
340 361 0.35
341 83 0.302
341 84 0.388
341 343 0.258
342 83 0.396
342 343 0.31
343 83 0.373
343 84 0.279
343 85 0.286
343 341 0.37
343 342 0.313
343 344 0.237
344 83 0.204
344 84 0.331
344 343 0.337
345 346 0.267
346 345 0.27
346 381 0.234
347 40 0.39
347 197 0.364
347 199 0.296
347 372 0.396
348 40 0.211
348 164 0.294
348 197 0.387
348 199 0.209
348 359 0.361
349 350 0.216
350 116 0.329
350 349 0.335
350 413 0.262
351 352 0.279
351 353 0.21
352 77 0.208
352 133 0.24
352 330 0.218
352 351 0.302
352 526 0.207
352 353 0.315
353 15 0.392
353 77 0.249
353 133 0.258
353 240 0.394
353 250 0.325
353 309 0.391
353 330 0.377
353 351 0.325
353 352 0.372
353 370 0.235
353 397 0.275
353 398 0.227
353 526 0.241
354 224 0.255
354 276 0.218
354 301 0.248
354 355 0.277
354 356 0.373
354 357 0.399
355 8 0.204
355 242 0.319
355 354 0.326
355 528 0.287
355 357 0.396
356 354 0.266
357 11 0.221
357 12 0.256
357 224 0.246
357 354 0.312
357 355 0.397
357 406 0.281
357 536 0.394
358 104 0.239
358 107 0.239
358 129 0.28
359 40 0.395
359 174 0.222
359 199 0.364
359 200 0.247
359 348 0.252
359 425 0.316
359 573 0.213
359 574 0.34
359 575 0.292
360 8 0.31
360 9 0.247
360 216 0.231
360 218 0.205
360 361 0.318
361 4 0.319
361 8 0.283
361 55 0.362
361 56 0.263
361 60 0.341
361 68 0.224
361 135 0.346
361 218 0.314
361 227 0.354
361 254 0.309
361 300 0.298
361 301 0.398
361 324 0.216
361 340 0.233
361 360 0.29
361 366 0.31
361 535 0.263
362 12 0.218
362 26 0.382
362 27 0.371
362 118 0.399
362 218 0.342
362 230 0.342
362 300 0.39
362 320 0.289
363 8 0.352
363 50 0.367
363 61 0.337
363 77 0.366
363 364 0.229
363 365 0.392
364 77 0.21
364 333 0.39
364 363 0.32
364 563 0.222
364 564 0.29
364 565 0.394
365 61 0.315
365 77 0.399
365 363 0.254
365 431 0.398
366 8 0.313
366 9 0.305
366 64 0.251
366 68 0.237
366 209 0.399
366 214 0.269
366 222 0.265
366 224 0.241
366 228 0.203
366 299 0.296
366 340 0.374
366 361 0.394
366 443 0.238
366 444 0.286
367 8 0.209
367 64 0.39
368 8 0.378
368 64 0.249
368 212 0.299
369 26 0.208
369 225 0.384
369 300 0.332
369 304 0.374
370 250 0.38
370 353 0.383
371 372 0.369
372 347 0.377
372 371 0.201
372 480 0.259
372 481 0.278
373 327 0.256
373 374 0.262
373 375 0.222
373 376 0.306
373 377 0.328
374 373 0.385
374 376 0.358
374 375 0.385
375 327 0.294
375 373 0.379
375 374 0.303
376 373 0.374
376 374 0.359
377 373 0.385
378 379 0.213
378 380 0.376
379 378 0.384
380 378 0.388
380 389 0.334
381 310 0.314
381 346 0.232
381 382 0.216
382 381 0.267
383 8 0.252
384 52 0.391
385 52 0.29
386 52 0.32
386 90 0.308
387 52 0.249
387 90 0.335
387 393 0.271
387 474 0.313
387 517 0.244
388 52 0.373
388 176 0.208
388 390 0.361
388 391 0.393
389 52 0.31
389 146 0.241
389 147 0.335
389 174 0.289
389 380 0.304
390 388 0.228
390 502 0.211
391 142 0.32
391 143 0.395
391 154 0.234
391 155 0.354
391 388 0.361
392 40 0.213
393 104 0.28
393 107 0.306
393 129 0.31
393 387 0.378
393 394 0.354
393 395 0.282
393 396 0.381
394 104 0.316
394 107 0.374
394 110 0.386
394 393 0.361
395 34 0.389
395 104 0.372
395 107 0.229
395 110 0.291
395 128 0.221
395 129 0.285
395 393 0.213
395 453 0.202
395 454 0.369
395 396 0.204
395 462 0.221
395 547 0.371
395 586 0.329
396 104 0.319
396 107 0.281
396 128 0.379
396 129 0.362
396 393 0.392
396 395 0.245
396 461 0.21
396 462 0.316
397 77 0.36
397 250 0.273
397 327 0.272
397 353 0.364
397 398 0.303
398 118 0.358
398 353 0.241
398 397 0.286
398 413 0.356
398 416 0.298
398 438 0.244
398 439 0.395
399 40 0.334
399 152 0.346
399 171 0.269
400 40 0.287
400 152 0.377
400 192 0.295
401 40 0.241
401 152 0.394
402 89 0.322
402 403 0.291
403 231 0.295
403 290 0.339
403 402 0.238
403 519 0.358
403 609 0.235
404 43 0.369
404 46 0.294
404 47 0.225
405 8 0.215
405 208 0.2
405 244 0.339
406 8 0.294
406 68 0.285
406 224 0.389
406 357 0.373
407 8 0.267
407 77 0.207
408 281 0.338
408 497 0.322
408 410 0.295
408 412 0.366
409 6 0.248
409 249 0.244
409 281 0.383
409 282 0.305
410 5 0.243
410 281 0.24
410 282 0.222
410 408 0.354
410 458 0.392
410 501 0.269
410 412 0.226
410 520 0.355
411 281 0.236
411 282 0.395
411 520 0.258
411 412 0.314
412 5 0.223
412 6 0.333
412 281 0.24
412 282 0.278
412 408 0.307
412 410 0.213
412 411 0.227
412 458 0.227
412 520 0.238
412 501 0.349
412 562 0.239
413 118 0.286
413 224 0.359
413 242 0.287
413 350 0.207
413 398 0.281
413 414 0.335
413 415 0.293
413 416 0.2
414 413 0.315
415 413 0.397
416 118 0.217
416 242 0.244
416 398 0.391
416 413 0.233
416 438 0.34
416 439 0.375
417 296 0.222
418 36 0.292
418 37 0.266
418 39 0.258
418 419 0.36
418 421 0.371
418 485 0.329
419 36 0.264
419 39 0.38
419 40 0.301
419 128 0.316
419 418 0.28
419 474 0.391
419 421 0.357
420 36 0.398
420 39 0.3
420 474 0.253
421 36 0.387
421 39 0.207
421 418 0.262
421 419 0.223
421 474 0.277
422 8 0.212
422 302 0.204
423 8 0.227
423 182 0.248
423 246 0.338
424 177 0.219
424 246 0.262
425 40 0.244
425 166 0.233
425 174 0.22
425 179 0.357
425 359 0.255
425 426 0.261
426 40 0.327
426 162 0.339
426 174 0.369
426 179 0.371
426 180 0.317
426 194 0.222
426 425 0.236
427 428 0.27
427 429 0.265
427 430 0.257
428 6 0.262
428 427 0.393
429 6 0.388
429 427 0.251
430 6 0.273
430 427 0.331
431 250 0.321
431 365 0.219
431 432 0.356
432 431 0.317
432 463 0.287
433 8 0.316
433 55 0.35
433 63 0.385
433 135 0.388
433 245 0.221
433 252 0.2
433 275 0.243
433 298 0.34
433 300 0.207
433 302 0.38
433 304 0.279
433 442 0.343
433 441 0.271
433 440 0.398
434 25 0.317
434 55 0.399
434 63 0.263
434 135 0.349
434 245 0.323
434 252 0.387
434 275 0.379
434 298 0.32
434 304 0.271
434 440 0.299
434 441 0.28
434 442 0.261
435 8 0.274
435 58 0.319
435 62 0.278
435 138 0.215
435 300 0.272
435 486 0.273
436 242 0.39
436 437 0.236
437 118 0.207
437 436 0.206
438 8 0.266
438 11 0.246
438 118 0.277
438 398 0.283
438 416 0.286
438 439 0.246
438 558 0.209
439 398 0.382
439 416 0.376
439 438 0.241
439 544 0.367
440 8 0.224
440 9 0.208
440 186 0.262
440 187 0.24
440 224 0.208
440 297 0.214
440 433 0.315
440 434 0.329
440 567 0.234
440 441 0.303
441 8 0.261
441 99 0.208
441 433 0.314
441 434 0.22
441 440 0.206
441 567 0.334
441 577 0.221
442 433 0.381
442 434 0.375
443 121 0.39
443 366 0.298
444 66 0.317
444 252 0.34
444 366 0.233
445 305 0.314
446 56 0.274
446 222 0.234
447 8 0.388
447 117 0.246
448 203 0.323
448 319 0.239
448 451 0.36
449 319 0.341
450 319 0.225
451 319 0.204
451 448 0.3
452 8 0.311
452 9 0.246
452 117 0.238
452 118 0.378
452 119 0.215
453 104 0.281
453 107 0.24
453 128 0.224
453 395 0.266
453 454 0.226
454 104 0.222
454 107 0.237
454 110 0.355
454 129 0.398
454 395 0.288
454 453 0.389
455 77 0.227
455 213 0.259
455 250 0.258
455 327 0.385
456 143 0.254
456 154 0.206
456 155 0.226
457 143 0.38
457 146 0.225
457 154 0.223
458 1 0.214
458 6 0.26
458 282 0.381
458 410 0.234
458 412 0.324
459 17 0.264
459 149 0.391
459 213 0.263
459 307 0.259
459 522 0.363
459 569 0.32
459 525 0.257
459 489 0.384
460 213 0.322
460 307 0.287
461 104 0.387
461 107 0.26
461 129 0.361
461 396 0.212
462 108 0.377
462 128 0.235
462 129 0.348
462 395 0.236
462 396 0.219
463 432 0.339
464 289 0.354
464 530 0.237
465 287 0.297
465 288 0.239
465 289 0.22
465 291 0.212
465 293 0.325
465 294 0.234
465 521 0.308
466 289 0.21
466 294 0.382
467 277 0.242
468 40 0.381
468 138 0.319
468 198 0.296
468 300 0.228
469 138 0.24
469 602 0.276
470 8 0.244
471 77 0.322
471 322 0.331
471 472 0.22
472 322 0.348
472 471 0.263
473 37 0.264
474 39 0.236
474 192 0.223
474 387 0.388
474 419 0.346
474 420 0.214
474 421 0.283
474 484 0.308
474 485 0.325
475 77 0.376
475 192 0.271
476 8 0.202
476 9 0.238
476 11 0.363
476 116 0.3
476 185 0.348
477 227 0.378
478 20 0.351
479 276 0.323
480 6 0.363
480 56 0.207
480 66 0.206
480 139 0.271
480 185 0.398
480 276 0.377
480 372 0.26
480 506 0.366
481 6 0.257
481 56 0.302
481 66 0.342
481 139 0.336
481 185 0.372
481 276 0.242
481 372 0.272
481 506 0.221
482 53 0.349
483 84 0.302
483 86 0.364
483 582 0.352
484 474 0.293
485 39 0.216
485 418 0.299
485 474 0.312
486 224 0.292
486 304 0.222
486 435 0.268
487 339 0.384
487 488 0.292
488 339 0.221
488 487 0.367
488 589 0.331
489 8 0.219
489 80 0.32
489 208 0.223
489 459 0.205
490 8 0.202
490 11 0.364
491 11 0.37
491 304 0.231
491 558 0.282
492 15 0.358
492 20 0.267
492 22 0.267
493 132 0.228
494 79 0.216
495 40 0.294
495 179 0.247
495 203 0.259
496 254 0.353
496 323 0.213
496 324 0.387
497 408 0.226
497 498 0.271
498 497 0.367
498 502 0.356
499 182 0.24
500 5 0.212
500 501 0.334
500 502 0.263
501 1 0.322
501 6 0.282
501 410 0.252
501 412 0.287
501 500 0.307
502 390 0.25
502 498 0.218
502 500 0.244
503 40 0.353
503 504 0.275
503 505 0.294
504 40 0.315
504 503 0.333
505 40 0.272
505 166 0.33
505 179 0.221
505 503 0.387
506 8 0.365
506 9 0.294
506 480 0.296
506 481 0.397
507 12 0.292
507 508 0.314
508 12 0.314
508 507 0.261
509 510 0.331
509 511 0.25
510 509 0.37
510 511 0.323
510 516 0.224
511 49 0.255
511 509 0.325
511 510 0.21
511 516 0.215
512 325 0.378
513 233 0.353
513 260 0.383
514 144 0.3
515 294 0.222
516 510 0.298
516 511 0.288
517 387 0.237
518 227 0.294
518 300 0.29
519 403 0.376
520 5 0.356
520 6 0.232
520 410 0.391
520 411 0.377
520 412 0.285
521 465 0.226
522 212 0.341
522 459 0.359
522 525 0.388
523 212 0.399
524 212 0.202
524 603 0.263
525 17 0.266
525 212 0.23
525 459 0.243
525 522 0.32
525 525 0.299
526 77 0.276
526 250 0.259
526 301 0.357
526 330 0.225
526 352 0.206
526 353 0.23
526 527 0.344
527 526 0.239
528 8 0.251
528 9 0.392
528 25 0.353
528 68 0.299
528 279 0.329
528 329 0.356
528 355 0.372
528 578 0.207
528 601 0.291
529 25 0.291
530 25 0.393
530 223 0.255
530 464 0.235
531 25 0.29
531 225 0.361
532 68 0.302
532 254 0.36
532 320 0.222
533 8 0.269
533 68 0.352
534 68 0.351
535 4 0.276
535 8 0.323
535 9 0.273
535 61 0.382
535 68 0.263
535 305 0.318
535 361 0.357
536 68 0.313
536 224 0.233
536 251 0.333
536 253 0.284
536 357 0.284
537 538 0.229
538 537 0.397
538 591 0.321
539 8 0.387
540 90 0.264
541 247 0.373
542 8 0.269
542 320 0.217
543 227 0.313
544 439 0.216
545 40 0.273
546 104 0.386
546 107 0.246
547 110 0.226
547 395 0.282
548 4 0.316
548 8 0.262
548 559 0.266
549 8 0.275
549 247 0.379
550 8 0.359
550 224 0.398
551 8 0.306
551 119 0.26
552 8 0.386
553 8 0.344
554 8 0.255
554 265 0.322
555 8 0.324
556 8 0.355
557 89 0.237
558 438 0.357
558 491 0.225
559 548 0.216
560 20 0.391
561 1 0.297
562 1 0.349
562 5 0.39
562 6 0.21
562 282 0.325
562 412 0.377
563 364 0.251
564 77 0.386
564 333 0.224
564 364 0.282
564 565 0.389
565 77 0.285
565 333 0.342
565 364 0.318
565 564 0.243
566 304 0.294
567 99 0.296
567 440 0.382
567 441 0.396
567 568 0.332
568 567 0.32
569 459 0.324
569 570 0.236
570 67 0.274
570 569 0.26
570 608 0.378
571 30 0.238
571 32 0.292
571 188 0.351
572 56 0.343
573 40 0.283
573 166 0.338
573 168 0.323
573 175 0.315
573 179 0.274
573 359 0.362
574 40 0.26
574 166 0.31
574 181 0.252
574 359 0.233
575 40 0.38
575 165 0.337
575 166 0.212
575 179 0.34
575 196 0.397
575 359 0.236
576 40 0.23
576 198 0.244
577 224 0.273
577 252 0.356
577 441 0.385
578 20 0.303
578 528 0.388
579 188 0.262
580 53 0.378
581 63 0.27
582 483 0.259
582 605 0.238
583 104 0.309
583 107 0.215
583 129 0.218
584 282 0.291
585 12 0.237
586 104 0.256
586 107 0.338
586 128 0.32
586 395 0.316
587 149 0.389
588 226 0.273
589 488 0.38
590 67 0.339
591 538 0.209
591 592 0.378
591 593 0.395
592 77 0.253
592 591 0.218
593 591 0.359
594 242 0.311
595 225 0.232
595 596 0.327
596 595 0.248
597 201 0.286
598 79 0.33
599 116 0.237
600 179 0.392
601 528 0.391
602 469 0.237
603 524 0.202
604 277 0.299
605 582 0.256
606 40 0.239
606 198 0.307
607 40 0.293
607 179 0.33
608 570 0.209
609 403 0.343
610 40 0.386
610 166 0.379
610 179 0.343
611 77 0.298
612 269 0.29
613 97 0.281
614 40 0.333
615 179 0.268
616 179 0.241
617 179 0.332
618 89 0.263
619 89 0.269
619 619 0.268


